408---- Hex Dump ---
409-BE 63 F3 07 A3 0F 00 00
410-===
411-2026-08-13 21:59:23,431 [epollEventLoopGroup-3-2] PacketLogger [decode] DEBUG RECV [8 bytes]
412:CMSGPetData { "id": "0x151A", "len": 0, "data": { } }
413---- Hex Dump ---
414-19 5F C7 06 1A 15 00 00
415-===
416-2026-08-13 21:59:23,436 [epollEventLoopGroup-3-2] PacketLogger [encode] DEBUG SEND [197 bytes]
417:Packet { "id": "0x151B", "len": 189, "data": 02 01 50 00 6F 00 74 00 65 00 6B 00 6F 00 54 00 65 00 73 00 74 00 00 00 0B 03 01 00 00 C8 00 00 00 0F 0F 0F 0F 96 00 00 00 64 00 00 00 6D 01 00 00 B0 50 75 D6 E3 49 DE 01 01 0A 00 00 00 00 00 00 00 0A 00 00 00 00 00 00 00 0A 00 00 00 00 00 00 00 14 00 00 00 00 00 00 00 00 00 00 00 00 00 00 00 08 4E 00 69 00 6E 00 6B 00 61 00 72 00 6F 00 00 00 01 00 00 00 00 18 01 00 00 00 00 00 00 96 00 00 00 64 00 00 00 78 00 00 00 C0 94 49 BA 54 5A DD 01 01 00 00 00 00 00 00 00 00 00 00 00 00 00 00 00 00 00 00 00 00 00 00 00 00 00 00 00 00 00 00 00 00 00 00 00 00 00 00 00 00 }
418---- Hex Dump ---
419-C6 AD 93 08 1B 15 BD 00    02 01 50 00 6F 00 74 00
420-65 00 6B 00 6F 00 54 00    65 00 73 00 74 00 00 00
421-0B 03 01 00 00 C8 00 00    00 0F 0F 0F 0F 96 00 00
422-00 64 00 00 00 6D 01 00    00 B0 50 75 D6 E3 49 DE
423-
424-01 01 0A 00 00 00 00 00    00 00 0A 00 00 00 00 00
425-00 00 0A 00 00 00 00 00    00 00 14 00 00 00 00 00
426-00 00 00 00 00 00 00 00    00 00 08 4E 00 69 00 6E
427-00 6B 00 61 00 72 00 6F    00 00 00 01 00 00 00 00
428-
429-18 01 00 00 00 00 00 00    96 00 00 00 64 00 00 00
430-78 00 00 00 C0 94 49 BA    54 5A DD 01 01 00 00 00
431-00 00 00 00 00 00 00 00    00 00 00 00 00 00 00 00
432-00 00 00 00 00 00 00 00    00 00 00 00 00 00 00 00
433-
434-00 00 00 00 00
435-===
